1	-0.0346150409418
2	-0.046375598984
2	-0.0421167155148
3	-0.0365187114144
4	-0.0306514598203
5	-0.0267824514881
6	-0.0267586234432
7	-0.0289216408571
8	-0.022845067998
9	-0.0184226419495
10	-0.0158013000187
12	-0.00639232320489
13	-0.00393441479728
14	-0.00351225097965
16	0.0045611318166
18	0.00145906777695
19	0.00408338509626
21	0.00817913190627
23	0.0146321665334
25	0.0259655546093
27	0.0208426275991
29	0.0187735965914
31	0.031208670703
33	0.0301801152517
35	0.0275199787839
38	0.0387140865175
40	0.0381349742988
43	0.0413916557224
45	0.0359809259993
48	0.0372747229024
51	0.0466290434046
54	0.0522588831465
57	0.049647419251
60	0.0557344375494
64	0.0548717152293
67	0.0513371155077
71	0.058397168225
74	0.0639051612414
78	0.0598655378286
82	0.0625628346791
86	0.0627936398725
90	0.0569348823911
94	0.0663529000229
98	0.0597417789459
103	0.0636746704306
107	0.0606754157036
112	0.0613808659759
117	0.0666563976563
122	0.0583051999724
127	0.066146719996
133	0.0649402404009
138	0.0622402784557
144	0.0600501042234
150	0.0592476994267
156	0.06395897715
162	0.0595107093413
168	0.0636638829034
174	0.0592000752865
181	0.0591136445858
187	0.0625152519612
194	0.0597840108745
201	0.0578123251561
209	0.0615048990296
216	0.0616521967322
224	0.0611464718823
232	0.0632937469202
240	0.0603259015022
248	0.0597844326711
257	0.0604015817636
266	0.0658236191755
275	0.0634093100208
284	0.0620399289341
294	0.0591679179298
304	0.0620912685196
314	0.0624842984369
325	0.061376326928
336	0.063340556494
347	0.0602336035047
359	0.0589374574739
372	0.0600289973972
385	0.0623670203704
398	0.0604949106652
412	0.0580180021421
427	0.0607622101361
442	0.0610363868509
459	0.0572519721694
476	0.0608554507846
494	0.0536926387194
513	0.0537275124037
534	0.0522382028572
556	0.0508478225014
580	0.0532805325109
606	0.0563228294842
635	0.0561184582133
667	0.0582391471771
704	0.0557455397357
747	0.0564325837096
799	0.0522626534935
869	0.0528242334615
